  -8.5537656e-04  -2.4290984e-03   8.2199911e-05   1.4380620e-04   7.1107819e-05
  -1.0127589e-03  -2.2363429e-03   5.9273396e-05   4.2189423e-05  -1.3550733e-06
  -1.1533387e-03  -1.9582615e-03   2.1439782e-05  -3.8015066e-05  -6.0877037e-05
  -1.3430467e-03  -1.6706550e-03  -1.3770079e-05  -9.1443016e-05  -6.6759691e-05
  -1.4513409e-03  -1.2971715e-03  -3.9775000e-05  -1.1054441e-04  -2.2999530e-05
  -1.6354862e-03  -9.4360700e-04  -5.6030588e-05  -8.4163711e-05   3.9951919e-05
  -1.7749100e-03  -5.8863577e-04  -6.2622385e-05  -2.6815107e-05   7.4946979e-05
  -1.9076681e-03  -2.1830004e-04  -5.6522686e-05   3.5015122e-05   6.4299645e-05
  -2.0401528e-03   1.7818492e-04  -4.0125361e-05   7.5249449e-05   1.3847907e-05
  -2.0970858e-03   5.5960140e-04  -1.2084726e-05   7.5587751e-05  -3.3615553e-05
  -2.1170795e-03   9.4171960e-04   2.4846573e-05   2.3516235e-05  -3.5523018e-05
  -2.2468319e-03   1.2669745e-03   6.1735059e-05  -6.5423324e-05   4.0303643e-06
  -2.4875193e-03   1.6684677e-03   9.0889436e-05  -1.7217437e-04   5.7167834e-05
