		
         5.004882813e+000	         1.293796077e-002	        -1.328188890e-003		
         5.029296875e+000	         1.411980163e-002	        -1.169552508e-003		
         5.053710938e+000	         1.416614016e-002	        -1.494634434e-003		
         5.078125000e+000	         1.402729929e-002	        -1.981949863e-003		
         5.102539063e+000	         1.455402180e-002	        -1.679538336e-003		
         5.126953125e+000	         1.367755700e-002	        -7.373599153e-005		
         5.151367188e+000	         1.575822507e-002	        -1.550200203e-003		
         5.175781250e+000	         1.503240306e-002	        -1.282110662e-003		
         5.200195313e+000	         1.632700569e-002	        -1.398921124e-003		
         5.224609375e+000	         1.495510025e-002	        -1.119676491e-003		
         5.249023438e+000	         1.597466050e-002	        -1.879763406e-003		
         5.273437500e+000	         1.662719723e-002	        -2.067626051e-003		
         5.297851563e+000	         1.628238874e-002	         1.979620429e-004		
         5.322265625e+000	         1.658499476e-002	        -2.429405979e-003		
         5.346679688e+000	         1.778675773e-002	        -4.860280361e-004		
         5.371093750e+000	         1.771566357e-002	        -3.743893435e-004		
         5.395507813e+000	         1.655264318e-002	        -6.744613460e-004		
         5.419921875e+000	         1.961836680e-002	        -7.787438519e-004		
         5.444335938e+000	         1.926655040e-002	        -2.071963071e-003		
         5.468750000e+000	         1.740629123e-002	        -1.028163636e-003		
         5.493164063e+000	         1.869036376e-002	        -1.049779505e-003		
         5.517578125e+000	         1.916691099e-002	        -8.574374826e-004		
         5.541992188e+000	         1.912495468e-002	        -1.715517332e-003		
         5.566406250e+000	         2.014898833e-002	        -1.997043392e-003		
         5.590820313e+000	         2.042730521e-002	        -2.340809321e-003		
         5.615234375e+000	         2.043711052e-002	        -1.819229362e-003		
         5.639648438e+000	         2.138282177e-002	        -7.623765579e-004		
         5.664062500e+000	         2.209798147e-002	        -1.333255648e-003		
         5.688476563e+000	         2.167773762e-002	        -2.332366814e-003		
         5.712890625e+000	         2.256644348e-002	        -1.927667593e-003		
         5.737304688e+000	         2.297094231e-002	        -2.196089524e-003		
         5.761718750e+000	         2.419592773e-002	        -2.688925565e-003		
         5.786132813e+000	         2.493547078e-002	        -1.758599400e-003		
         5.810546875e+000	         2.494187393e-002	        -2.415022244e-003		
         5.834960938e+000	         2.451690597e-002	        -2.266397914e-003		
         5.859375000e+000	         2.528472683e-002	        -2.191802267e-003		
         5.883789063e+000	         2.669494788e-002	        -3.338708214e-003		
         5.908203125e+000	         2.583650582e-002	        -1.762066509e-003		
         5.932617188e+000	         2.660925744e-002	        -1.147514314e-003		
         5.957031250e+000	         2.769548708e-002	        -2.155252511e-003		
         5.981445313e+000	         2.661329930e-002	        -3.516679892e-003		
         6.005859375e+000	         2.768421547e-002	        -2.581922118e-003		
         6.030273438e+000	         2.978251728e-002	        -2.268792639e-003		
         6.054687500e+000	         3.002550286e-002	        -1.168917549e-003		
         6.079101563e+000	         2.948882310e-002	        -3.417641070e-003		
         6.103515625e+000	         3.144887817e-002	        -2.696082769e-003		
         6.127929688e+000	         3.084307960e-002	        -2.533185057e-003		
         6.152343750e+000	         3.100827916e-002	        -3.924330162e-003		
         6.176757813e+000	         3.298911789e-002	        -2.240329828e-003		
         6.201171875e+000	         3.346648566e-002	        -1.661892434e-003		
         6.225585938e+000	         3.507441891e-002	        -2.739775674e-003		
         6.250000000e+000	         3.481258247e-002	        -1.777304010e-003		
         6.274414063e+000	         3.636990436e-002	        -2.409817782e-003		
         6.298828125e+000	         3.682254385e-002	        -3.125542549e-003		
         6.323242188e+000	         3.792962097e-002	        -2.765291614e-003		
         6.347656250e+000	         3.759133263e-002	        -2.864709549e-003		
         6.372070313e+000	         3.830494245e-002	        -4.056434727e-003		
         6.396484375e+000	         3.990105099e-002	        -2.541306001e-003		
         6.420898438e+000	         3.985104743e-002	        -3.102040322e-003		
         6.445312500e+000	         4.166345008e-002	        -2.613280707e-003		
         6.469726563e+000	         4.329299055e-002	        -2.916634132e-003		
         6.494140625e+000	         4.360996036e-002	        -1.776174455e-003		
         6.518554688e+000	         4.595404971e-002	        -3.123519721e-003		
         6.542968750e+000	         4.720088699e-002	        -3.159110866e-003		
         6.567382813e+000	         4.755199683e-002	        -3.243086358e-003		
         6.591796875e+000	         4.902860919e-002	        -4.271008014e-003		
         6.616210938e+000	         4.916556436e-002	        -5.439674467e-003		
         6.640625000e+000	         5.032616116e-002	        -4.711066086e-003		
         6.665039063e+000	         5.091767039e-002	        -4.150399573e-003		
         6.689453125e+000	         5.249786069e-002	        -2.875057124e-003		
         6.713867188e+000	         5.422639630e-002	        -3.878236644e-003		
         6.738281250e+000	         5.687692535e-002	        -4.835038690e-003		
         6.762695313e+000	         5.957209718e-002	        -4.282871096e-003		
         6.787109375e+000	         6.002407418e-002	        -4.849121755e-003		
         6.811523438e+000	         6.153041091e-002	        -6.014001625e-003		
         6.835937500e+000	         6.420702666e-002	        -6.459312593e-003		
         6.860351563e+000	         6.534873916e-002	        -5.943195031e-003		
         6.884765625e+000	         6.758599581e-002	        -8.009909194e-003		
         6.909179688e+000	         6.962351780e-002	        -7.138902426e-003		
         6.933593750e+000	         7.083092722e-002	        -6.446445504e-003		
         6.958007813e+000	         7.353207370e-002	        -6.118485179e-003		
         6.982421875e+000	         7.611507637e-002	        -4.721755737e-003		
         7.006835938e+000	         7.964363682e-002	        -8.092546960e-003		
         7.031250000e+000	         8.311418901e-002	        -7.072792973e-003		
         7.055664063e+000	         8.646647581e-002	        -9.977384722e-003		
         7.080078125e+000	         9.148457953e-002	        -1.107251025e-002		
         7.104492188e+000	         9.303689620e-002	        -1.239009600e-002		
         7.128906250e+000	         9.685255014e-002	        -1.451917368e-002		
         7.153320313e+000	         9.766094609e-002	        -1.397295757e-002		
         7.177734375e+000	         1.047011459e-001	        -1.469624050e-002		
         7.202148438e+000	         1.080807471e-001	        -1.646955413e-002		
         7.226562500e+000	         1.126900093e-001	        -1.608658958e-002		
         7.250976563e+000	         1.191833852e-001	        -2.089337249e-002		
         7.275390625e+000	         1.242377137e-001	        -2.068430966e-002		
         7.299804688e+000	         1.309110100e-001	        -2.299817775e-002		
         7.324218750e+000	         1.358251559e-001	        -2.586716924e-002		
         7.348632813e+000	         1.451274956e-001	        -3.052119878e-002		
         7.373046875e+000	         1.520054497e-001	        -3.417302375e-002		
         7.397460938e+000	         1.595096913e-001	        -3.787019958e-002		
         7.421875000e+000	         1.708892787e-001	        -4.400543644e-002		
         7.446289063e+000	         1.775692000e-001	        -5.012516836e-002		
         7.470703125e+000	         1.879426261e-001	        -5.537754790e-002		
         7.495117188e+000	         2.020836718e-001	        -6.375141503e-002		
         7.519531250e+000	         2.138920486e-001	        -7.290922639e-002		
         7.543945313e+000	         2.295329580e-001	        -8.598058368e-002		
         7.568359375e+000	         2.441702467e-001	        -1.013693297e-001		
         7.592773438e+000	         2.582384173e-001	        -1.196119923e-001		
         7.617187500e+000	         2.757754384e-001	        -1.453750397e-001		
         7.641601563e+000	         2.883430039e-001	        -1.721897116e-001		
         7.666015625e+000	         3.047031087e-001	        -2.069033415e-001		
         7.690429688e+000	         3.108032392e-001	        -2.464891914e-001		
         7.714843750e+000	         3.271155954e-001	        -2.928166662e-001		
         7.739257813e+000	         3.224995137e-001	        -3.524388764e-001		
         7.763671875e+000	         3.191973460e-001	        -4.227494858e-001		
         7.788085938e+000	         3.014167437e-001	        -4.974168172e-001		
         7.812500000e+000	         2.470038992e-001	        -5.932436956e-001		
         7.836914063e+000	         1.711335893e-001	        -6.700596667e-001		
         7.861328125e+000	         4.112435128e-002	        -7.573749874e-001		
         7.885742188e+000	        -1.195297694e-001	        -7.888233429e-001		
         7.910156250e+000	        -3.086889279e-001	        -7.503059051e-001		
         7.934570313e+000	        -4.839351231e-001	        -6.221723142e-001		
         7.958984375e+000	        -5.390479324e-001	        -4.129671921e-001		
         7.983398438e+000	        -5.250922530e-001	        -2.457590312e-001		
         8.007812500e+000	        -4.314153270e-001	        -1.567289537e-001		
         8.032226563e+000	        -3.676850087e-001	        -1.052999122e-001		
         8.056640625e+000	        -3.313118830e-001	        -9.564596126e-002		
         8.081054688e+000	        -2.868242133e-001	        -8.270735318e-002		
         8.105468750e+000	        -2.678317830e-001	        -7.258217625e-002		
         8.129882813e+000	        -2.383491685e-001	        -6.793892601e-002		
         8.154296875e+000	        -2.237119772e-001	        -5.529598138e-002		
         8.178710938e+000	        -2.088586041e-001	        -5.937832503e-002		
         8.203125000e+000	        -2.004774920e-001	        -5.261546357e-002		
         8.227539063e+000	        -1.947255570e-001	        -4.645078496e-002		
         8.251953125e+000	        -1.818775291e-001	        -4.514709727e-002		
         8.276367188e+000	        -1.798195243e-001	        -4.161815087e-002		
         8.300781250e+000	        -1.677712738e-001	        -3.768439566e-002		
         8.325195313e+000	        -1.586474444e-001	        -3.277736707e-002		
         8.349609375e+000	        -1.550688014e-001	        -3.041204126e-002		
         8.374023438e+000	        -1.467664114e-001	        -3.033891705e-002		
         8.398437500e+000	        -1.434146837e-001	        -3.068423458e-002		
         8.422851563e+000	        -1.387391959e-001	        -2.793831159e-002		
         8.447265625e+000	        -1.364627727e-001	        -2.541880712e-002		
         8.471679688e+000	        -1.303642104e-001	        -2.248598467e-002		
         8.496093750e+000	        -1.277112076e-001	        -2.339577960e-002		
         8.520507813e+000	        -1.236862462e-001	        -2.192714914e-002		
         8.544921875e+000	        -1.193301198e-001	        -2.009340670e-002		
         8.569335938e+000	        -1.156125098e-001	        -2.035252932e-002		
         8.593750000e+000	        -1.127071857e-001	        -1.905437107e-002		
         8.618164063e+000	        -1.095623404e-001	        -1.866401418e-002		
         8.642578125e+000	        -1.076340033e-001	        -1.734588521e-002		
         8.666992188e+000	        -1.054933379e-001	        -1.710358341e-002		
         8.691406250e+000	        -1.028856769e-001	        -1.657566506e-002		
         8.715820313e+000	        -1.028994374e-001	        -1.556391502e-002		
         8.740234375e+000	        -9.773999633e-002	        -1.589712976e-002		
         8.764648438e+000	        -9.734360856e-002	        -1.490456334e-002		
         8.789062500e+000	        -9.436209083e-002	        -1.453177942e-002		
         8.813476563e+000	        -9.259838193e-002	        -1.389091697e-002		
         8.837890625e+000	        -9.112137754e-002	        -1.372526308e-002		
         8.862304688e+000	        -8.952816821e-002	        -1.278729214e-002		
         8.886718750e+000	        -8.846400468e-002	        -1.211463805e-002		
         8.911132813e+000	        -8.536165666e-002	        -1.175954561e-002		
         8.935546875e+000	        -8.424511917e-002	        -1.226675779e-002		
         8.959960938e+000	        -8.315210954e-002	        -1.364109214e-002		
         8.984375000e+000	        -8.322952480e-002	        -1.189928982e-002		
         9.008789063e+000	        -8.083777800e-002	        -1.170356663e-002		
         9.033203125e+000	        -7.972080896e-002	        -1.166833865e-002		
         9.057617188e+000	        -7.771247952e-002	        -1.070238772e-002		
         9.082031250e+000	        -7.906177942e-002	        -9.219737642e-003		
         9.106445313e+000	        -7.695224549e-002	        -9.987219657e-003		
         9.130859375e+000	        -7.660564248e-002	        -9.425622453e-003		
         9.155273438e+000	        -7.367978691e-002	        -9.489676029e-003		
         9.179687500e+000	        -7.445184868e-002	        -8.324848202e-003		
         9.204101563e+000	        -7.351309216e-002	        -8.493662640e-003		
         9.228515625e+000	        -7.167645964e-002	        -9.940710177e-003		
         9.252929688e+000	        -7.100357230e-002	        -9.001320031e-003		
         9.277343750e+000	        -7.080020909e-002	        -7.131014725e-003		
         9.301757813e+000	        -7.014665582e-002	        -8.036401599e-003		
         9.326171875e+000	        -6.800864046e-002	        -6.948864434e-003		
         9.350585938e+000	        -6.775231372e-002	        -7.109254029e-003		
         9.375000000e+000	        -6.756949409e-002	        -7.564322438e-003		
         9.399414063e+000	        -6.555422359e-002	        -8.085402292e-003		
         9.423828125e+000	        -6.430896658e-002	        -6.754890948e-003		
         9.448242188e+000	        -6.424319673e-002	        -7.712632802e-003		
         9.472656250e+000	        -6.422168675e-002	        -6.502267213e-003		
         9.497070313e+000	        -6.325017599e-002	        -6.976660566e-003		
         9.521484375e+000	        -6.270611757e-002	        -6.085863888e-003		
         9.545898438e+000	        -6.302723560e-002	        -6.064423046e-003		
         9.570312500e+000	        -6.311074708e-002	        -7.421664596e-003		
         9.594726563e+000	        -6.234223485e-002	        -4.923360510e-003		
         9.619140625e+000	        -5.910683979e-002	        -6.102426010e-003		
         9.643554688e+000	        -5.946840680e-002	        -5.450220526e-003		
         9.667968750e+000	        -5.933002938e-002	        -6.727362247e-003		
         9.692382813e+000	        -5.977752082e-002	        -6.182435049e-003		
         9.716796875e+000	        -5.958295853e-002	        -4.813047411e-003		
         9.741210938e+000	        -5.843026920e-002	        -5.475765525e-003		
         9.765625000e+000	        -5.714200439e-002	        -5.935338479e-003		
         9.790039063e+000	        -5.750276910e-002	        -6.311159116e-003		
         9.814453125e+000	        -5.710626585e-002	        -5.127236168e-003		
         9.838867188e+000	        -5.647783896e-002	        -5.458491520e-003		
         9.863281250e+000	        -5.491054006e-002	        -4.889539957e-003		
         9.887695313e+000	        -5.594340805e-002	        -5.618294209e-003		
         9.912109375e+000	        -5.516484284e-002	        -5.331101190e-003		
         9.936523438e+000	        -5.533548827e-002	        -5.078095302e-003		
         9.960937500e+000	        -5.488966219e-002	        -4.634988742e-003		
         9.985351563e+000	        -5.410477587e-002	        -4.672744788e-003		
         1.000976563e+001	        -5.338509415e-002	        -4.531930474e-003		

