+0.000000000000e+000	+4.158708041082e-002
+1.000000000000e-002	-2.090729220597e-001
+2.000000000000e-002	+3.944656891909e-002
+3.000000000000e-002	+1.269996069178e-001
+4.000000000000e-002	+6.653933052369e-002
+5.000000000000e-002	+1.389008455859e-001
+6.000000000000e-002	-3.309842275609e-002
+7.000000000000e-002	+4.753158735727e-002
+8.000000000000e-002	-4.276130273789e-002
+9.000000000000e-002	-1.055088719140e-001
+1.000000000000e-001	-7.789015568390e-002
+1.100000000000e-001	-8.899635469209e-002
+1.200000000000e-001	-6.077829319125e-002
+1.300000000000e-001	+5.430783511873e-003
+1.400000000000e-001	+1.981502159952e-002
+1.500000000000e-001	+6.519386335789e-002
+1.600000000000e-001	+8.754080389150e-002
+1.700000000000e-001	+8.455631631111e-002
+1.800000000000e-001	+7.250829635259e-002
+1.900000000000e-001	+2.701937095943e-002
+2.000000000000e-001	-1.401729244395e-002
+2.100000000000e-001	-5.402650781170e-002
+2.200000000000e-001	-7.588419137534e-002
+2.300000000000e-001	-7.989611999246e-002
+2.400000000000e-001	-7.589642081656e-002
+2.500000000000e-001	-4.545223240354e-002
+2.600000000000e-001	-6.079052379896e-003
+2.700000000000e-001	+3.775862374069e-002
+2.800000000000e-001	+7.079588995877e-002
+2.900000000000e-001	+8.033645453159e-002
+3.000000000000e-001	+7.428186395036e-002
+3.100000000000e-001	+5.213062713792e-002
+3.200000000000e-001	+2.078130843122e-002
+3.300000000000e-001	-1.653698077033e-002
+3.400000000000e-001	-5.309691630259e-002
+3.500000000000e-001	-7.758436832794e-002
+3.600000000000e-001	-8.143729087943e-002
+3.700000000000e-001	-6.209929680866e-002
+3.800000000000e-001	-2.951459457094e-002
+3.900000000000e-001	+6.017895258650e-003
+4.000000000000e-001	+3.849251152862e-002
+4.100000000000e-001	+6.288211169337e-002
+4.200000000000e-001	+7.606766098935e-002
+4.300000000000e-001	+7.068580632399e-002
+4.400000000000e-001	+4.627174494381e-002
+4.500000000000e-001	+8.977916957680e-003
+4.600000000000e-001	-2.920880721498e-002
+4.700000000000e-001	-5.643611366978e-002
+4.800000000000e-001	-6.937703681374e-002
+4.900000000000e-001	-6.801934020672e-002
+5.000000000000e-001	-5.268104531184e-002
+5.100000000000e-001	-2.509902673727e-002
+5.200000000000e-001	+1.070255745867e-002
+5.300000000000e-001	+4.498743431602e-002
+5.400000000000e-001	+6.715090523562e-002
+5.500000000000e-001	+7.151754830548e-002
+5.600000000000e-001	+5.842984853712e-002
+5.700000000000e-001	+3.311065453028e-002
+5.800000000000e-001	+1.712409164225e-003
+5.900000000000e-001	-2.977145716309e-002
+6.000000000000e-001	-5.507841706276e-002
+6.100000000000e-001	-6.817835093829e-002
+6.200000000000e-001	-6.384840085804e-002
+6.300000000000e-001	-4.284692282428e-002
+6.400000000000e-001	-1.231711432487e-002
+6.500000000000e-001	+1.964377909376e-002
+6.600000000000e-001	+4.625951083664e-002
+6.700000000000e-001	+6.203814027066e-002
+6.800000000000e-001	+6.431319894557e-002
+6.900000000000e-001	+5.137227580160e-002
+7.000000000000e-001	+2.579622153559e-002
+7.100000000000e-001	-6.238061944975e-003
+7.200000000000e-001	-3.605844445512e-002
+7.300000000000e-001	-5.599577913065e-002
+7.400000000000e-001	-6.240508416462e-002
+7.500000000000e-001	-5.424667508127e-002
+7.600000000000e-001	-3.416256378134e-002
+7.700000000000e-001	-5.944506363208e-003
+7.800000000000e-001	+2.394926562562e-002
+7.900000000000e-001	+4.797192189641e-002
+8.000000000000e-001	+6.030126566250e-002
+8.100000000000e-001	+5.756141356601e-002
+8.200000000000e-001	+4.129352249608e-002
+8.300000000000e-001	+1.566854463274e-002
+8.400000000000e-001	-1.314885630636e-002
+8.500000000000e-001	-3.849251152862e-002
+8.600000000000e-001	-5.482155680358e-002
+8.700000000000e-001	-5.824637425716e-002
+8.800000000000e-001	-4.747043081927e-002
+8.900000000000e-001	-2.549043417962e-002
+9.000000000000e-001	+2.189437422028e-003
+9.100000000000e-001	+2.887855864360e-002
+9.200000000000e-001	+4.813092796203e-002
+9.300000000000e-001	+5.611809687260e-002
+9.400000000000e-001	+5.049160672333e-002
+9.500000000000e-001	+3.300057089550e-002
+9.600000000000e-001	+7.718072794490e-003
+9.700000000000e-001	-1.922790926950e-002
+9.800000000000e-001	-4.082872907450e-002
+9.900000000000e-001	-5.263211821506e-002
+1.000000000000e+000	-5.216732479348e-002
+1.010000000000e+000	-3.936094883269e-002
+1.020000000000e+000	-1.724640734285e-002
+1.030000000000e+000	+8.880065097091e-003
+1.040000000000e+000	+3.276817418471e-002
+1.050000000000e+000	+4.831440224198e-002
+1.060000000000e+000	+5.226517432110e-002
+1.070000000000e+000	+4.364197181616e-002
+1.080000000000e+000	+2.497671132829e-002
+1.090000000000e+000	+7.338896834708e-004
+1.100000000000e+000	-2.350893108648e-002
+1.110000000000e+000	-4.189286776678e-002
+1.120000000000e+000	-5.006350629136e-002
+1.130000000000e+000	-4.589256694268e-002
+1.140000000000e+000	-3.074997576898e-002
+1.150000000000e+000	-8.672129601718e-003
+1.160000000000e+000	+1.513035823302e-002
+1.170000000000e+000	+3.501876697825e-002
+1.180000000000e+000	+4.655306875138e-002
+1.190000000000e+000	+4.744596727088e-002
+1.200000000000e+000	+3.687795466241e-002
+1.210000000000e+000	+1.762558301101e-002
+1.220000000000e+000	-5.663181972393e-003
+1.230000000000e+000	-2.717837935803e-002
+1.240000000000e+000	-4.146476733481e-002
+1.250000000000e+000	-4.617389075025e-002
+1.260000000000e+000	-3.966673618866e-002
+1.270000000000e+000	-2.370463480766e-002
+1.280000000000e+000	-2.348446841296e-003
+1.290000000000e+000	+1.981502159952e-002
+1.300000000000e+000	+3.664555561865e-002
+1.310000000000e+000	+4.435139605570e-002
+1.320000000000e+000	+4.184394067000e-002
+1.330000000000e+000	+2.906203059058e-002
+1.340000000000e+000	+9.540565739309e-003
+1.350000000000e+000	-1.190124333412e-002
+1.360000000000e+000	-3.019955992803e-002
+1.370000000000e+000	-4.125682950647e-002
+1.380000000000e+000	-4.267568265150e-002
+1.390000000000e+000	-3.383231287699e-002
+1.400000000000e+000	-1.719748141255e-002
+1.410000000000e+000	+3.473744258744e-003
+1.420000000000e+000	+2.306859888032e-002
+1.430000000000e+000	+3.662109440323e-002
+1.440000000000e+000	+4.129352249608e-002
+1.450000000000e+000	+3.598505614292e-002
+1.460000000000e+000	+2.194330131706e-002
+1.470000000000e+000	+2.947790216457e-003
+1.480000000000e+000	-1.678161042181e-002
+1.490000000000e+000	-3.222998778498e-002
+1.500000000000e+000	-3.989913289945e-002
+1.510000000000e+000	-3.838242789383e-002
+1.520000000000e+000	-2.749639848818e-002
+1.530000000000e+000	-1.011544629513e-002
+1.540000000000e+000	+9.369324400036e-003
+1.550000000000e+000	+2.638333269912e-002
+1.560000000000e+000	+3.667001916704e-002
+1.570000000000e+000	+3.828457603324e-002
+1.580000000000e+000	+3.068881923098e-002
+1.590000000000e+000	+1.613334038730e-002
+1.600000000000e+000	-2.238363498133e-003
+1.610000000000e+000	-1.993733467553e-002
+1.620000000000e+000	-3.234007141977e-002
+1.630000000000e+000	-3.685349111402e-002
+1.640000000000e+000	-3.242569150616e-002
+1.650000000000e+000	-2.021866081607e-002
+1.660000000000e+000	-3.412586845876e-003
+1.670000000000e+000	+1.434754218182e-002
+1.680000000000e+000	+2.862169605144e-002
+1.690000000000e+000	+3.593612904614e-002
+1.700000000000e+000	+3.495761044025e-002
+1.710000000000e+000	+2.538035054484e-002
+1.720000000000e+000	+1.001759326806e-002
+1.730000000000e+000	-7.326664768891e-003
+1.740000000000e+000	-2.270165265338e-002
+1.750000000000e+000	-3.235230319396e-002
+1.760000000000e+000	-3.394239651177e-002
+1.770000000000e+000	-2.760648212297e-002
+1.780000000000e+000	-1.448208936499e-002
+1.790000000000e+000	+1.932576142171e-003
+1.800000000000e+000	+1.771120309740e-002
+1.810000000000e+000	+2.913541890278e-002
+1.820000000000e+000	+3.345313720883e-002
+1.830000000000e+000	+2.984484547529e-002
+1.840000000000e+000	+1.895881606964e-002
+1.850000000000e+000	+3.730605684411e-003
+1.860000000000e+000	-1.220703069009e-002
+1.870000000000e+000	-2.514795150108e-002
+1.880000000000e+000	-3.183858034263e-002
+1.890000000000e+000	-3.105576312494e-002
+1.900000000000e+000	-2.297074701973e-002
+1.910000000000e+000	-9.320398469741e-003
+1.920000000000e+000	+6.152441858581e-003
+1.930000000000e+000	+2.001072532070e-002
+1.940000000000e+000	+2.882963154681e-002
+1.950000000000e+000	+3.034633655243e-002
+1.960000000000e+000	+2.449968379954e-002
+1.970000000000e+000	+1.280637479430e-002
+1.980000000000e+000	-1.969270589892e-003
+1.990000000000e+000	-1.604772030090e-002
+2.000000000000e+000	-2.637110092492e-002
+2.010000000000e+000	-3.029741178862e-002
+2.020000000000e+000	-2.706829572324e-002
+2.030000000000e+000	-1.747880522012e-002
+2.040000000000e+000	-3.693911236690e-003
+2.050000000000e+000	+1.039677010271e-002
+2.060000000000e+000	+2.204115317765e-002
+2.070000000000e+000	+2.819359328650e-002
+2.080000000000e+000	+2.749639848818e-002
+2.090000000000e+000	+2.035320566627e-002
+2.100000000000e+000	+8.329647506414e-003
+2.110000000000e+000	-5.687644937540e-003
+2.120000000000e+000	-1.783351850638e-002
+2.130000000000e+000	-2.561274958860e-002
+2.140000000000e+000	-2.709275927163e-002
+2.150000000000e+000	-2.191883776867e-002
+2.160000000000e+000	-1.161991952655e-002
+2.170000000000e+000	+1.675714716504e-003
+2.180000000000e+000	+1.431084802572e-002
+2.190000000000e+000	+2.354562640907e-002
+2.200000000000e+000	+2.737408307920e-002
+2.210000000000e+000	+2.449968379954e-002
+2.220000000000e+000	+1.585201657973e-002
+2.230000000000e+000	+3.510438706465e-003
+2.240000000000e+000	-9.430482104525e-003
+2.250000000000e+000	-1.966824264215e-002
+2.260000000000e+000	-2.517241504947e-002
+2.270000000000e+000	-2.427951652997e-002
+2.280000000000e+000	-1.795583391536e-002
+2.290000000000e+000	-7.057572152271e-003
+2.300000000000e+000	+5.467477667972e-003
+2.310000000000e+000	+1.623119341437e-002
+2.320000000000e+000	+2.317868251510e-002
+2.330000000000e+000	+2.442629315437e-002
+2.340000000000e+000	+1.979055805113e-002
+2.350000000000e+000	+1.029891824212e-002
+2.360000000000e+000	-1.639020268783e-003
+2.370000000000e+000	-1.300207851548e-002
+2.380000000000e+000	-2.122164297035e-002
+2.390000000000e+000	-2.451191557373e-002
+2.400000000000e+000	-2.196776253248e-002
+2.410000000000e+000	-1.438423750441e-002
+2.420000000000e+000	-3.571596410954e-003
+2.430000000000e+000	+8.305184541266e-003
+2.440000000000e+000	+1.774789841999e-002
+2.450000000000e+000	+2.251818070640e-002
+2.460000000000e+000	+2.163751396110e-002
+2.470000000000e+000	+1.522821009361e-002
+2.480000000000e+000	+5.271773946794e-003
+2.490000000000e+000	-6.030126449602e-003
+2.500000000000e+000	-1.569300701465e-002
+2.510000000000e+000	-2.164974573529e-002
+2.520000000000e+000	-2.249371715801e-002
+2.530000000000e+000	-1.799252807146e-002
+2.540000000000e+000	-9.381556174231e-003
+2.550000000000e+000	+1.406621808263e-003
+2.560000000000e+000	+1.157099359626e-002
+2.570000000000e+000	+1.873864880007e-002
+2.580000000000e+000	+2.173536582169e-002
+2.590000000000e+000	+1.935022351199e-002
+2.600000000000e+000	+1.219480008238e-002
+2.610000000000e+000	+2.482993295416e-003
+2.620000000000e+000	-7.877082359568e-003
+2.630000000000e+000	-1.609664623120e-002
+2.640000000000e+000	-2.020642904188e-002
+2.650000000000e+000	-1.938691883458e-002
+2.660000000000e+000	-1.362588500160e-002
+2.670000000000e+000	-4.758051387081e-003
+2.680000000000e+000	+5.430783511873e-003
+2.690000000000e+000	+1.454324706948e-002
+2.700000000000e+000	+1.975386272855e-002
+2.710000000000e+000	+2.038990098886e-002
+2.720000000000e+000	+1.619449809179e-002
+2.730000000000e+000	+8.280721576119e-003
+2.740000000000e+000	-1.394390325689e-003
+2.750000000000e+000	-1.058024204969e-002
+2.760000000000e+000	-1.664706323863e-002
+2.770000000000e+000	-1.873864880007e-002
+2.780000000000e+000	-1.652474899614e-002
+2.790000000000e+000	-1.007875097255e-002
+2.800000000000e+000	-1.149760455501e-003
+2.810000000000e+000	+8.158406750383e-003
+2.820000000000e+000	+1.538721965869e-002
+2.830000000000e+000	+1.888542659095e-002
+2.840000000000e+000	+1.776013019418e-002
+2.850000000000e+000	+1.235380964746e-002
+2.860000000000e+000	+4.268791500893e-003
+2.870000000000e+000	-4.953755399880e-003
+2.880000000000e+000	-1.286753249879e-002
+2.890000000000e+000	-1.749103699432e-002
+2.900000000000e+000	-1.799252807146e-002
+2.910000000000e+000	-1.431084802572e-002
+2.920000000000e+000	-7.082035117419e-003
+2.930000000000e+000	+1.700177681651e-003
+2.940000000000e+000	+9.772963616586e-003
+2.950000000000e+000	+1.539945143288e-002
+2.960000000000e+000	+1.709962838548e-002
+2.970000000000e+000	+1.449432113919e-002
+2.980000000000e+000	+8.341879280609e-003
+2.990000000000e+000	+3.057873559619e-004
+3.000000000000e+000	-7.571295003606e-003
+3.010000000000e+000	-1.389497703497e-002
+3.020000000000e+000	-1.679384102952e-002
+3.030000000000e+000	-1.581532242363e-002
+3.040000000000e+000	-1.098388126624e-002
+3.050000000000e+000	-3.400355363302e-003
+3.060000000000e+000	+4.696893682591e-003
+3.070000000000e+000	+1.176669731744e-002
+3.080000000000e+000	+1.591317428422e-002
+3.090000000000e+000	+1.608441445700e-002
+3.100000000000e+000	+1.259843929893e-002
+3.110000000000e+000	+5.968969328355e-003
+3.120000000000e+000	-1.944807624745e-003
+3.130000000000e+000	-9.173620678858e-003
+3.140000000000e+000	-1.420076439094e-002
+3.150000000000e+000	-1.536275727678e-002
+3.160000000000e+000	-1.294092081099e-002
+3.170000000000e+000	-7.314433577939e-003
+3.180000000000e+000	+7.338896379049e-005
+3.190000000000e+000	+7.412285438528e-003
+3.200000000000e+000	+1.296538435938e-002
+3.210000000000e+000	+1.548507151927e-002
+3.220000000000e+000	+1.427415386962e-002
+3.230000000000e+000	+9.748500651439e-003
+3.240000000000e+000	+2.739854721084e-003
+3.250000000000e+000	-4.501189961414e-003
+3.260000000000e+000	-1.029891824212e-002
+3.270000000000e+000	-1.379712517439e-002
+3.280000000000e+000	-1.374819924409e-002
+3.290000000000e+000	-1.043346425880e-002
+3.300000000000e+000	-4.623504787150e-003
+3.310000000000e+000	+2.397372917401e-003
+3.320000000000e+000	+8.476425297297e-003
+3.330000000000e+000	+1.285530072460e-002
+3.340000000000e+000	+1.426192209543e-002
+3.350000000000e+000	+1.158322537045e-002
+3.360000000000e+000	+6.225830754023e-003
+3.370000000000e+000	-9.418250330330e-004
+3.380000000000e+000	-7.693609829343e-003
+3.390000000000e+000	-1.232934609907e-002
+3.400000000000e+000	-1.409068192264e-002
+3.410000000000e+000	-1.268405938532e-002
+3.420000000000e+000	-8.647666636571e-003
+3.430000000000e+000	-2.788780651378e-003
+3.440000000000e+000	+3.999698592652e-003
+3.450000000000e+000	+9.369324400036e-003
+3.460000000000e+000	+1.204802229149e-002
+3.470000000000e+000	+1.158322537045e-002
+3.480000000000e+000	+8.280721576119e-003
+3.490000000000e+000	+3.057873559619e-003
+3.500000000000e+000	-3.094568007340e-003
+3.510000000000e+000	-8.867833322896e-003
+3.520000000000e+000	-1.237827202936e-002
+3.530000000000e+000	-1.314885630636e-002
+3.540000000000e+000	-1.060470559808e-002
+3.550000000000e+000	-5.687644937540e-003
+3.560000000000e+000	+2.935558551620e-004
+3.570000000000e+000	+6.384839735858e-003
+3.580000000000e+000	+1.056801144198e-002
+3.590000000000e+000	+1.221926246428e-002
+3.600000000000e+000	+1.078817754506e-002
+3.610000000000e+000	+6.666164126673e-003
+3.620000000000e+000	+9.540565156066e-004
+3.630000000000e+000	-4.831440282523e-003
+3.640000000000e+000	-9.185852453053e-003
+3.650000000000e+000	-1.143644757957e-002
+3.660000000000e+000	-1.093495533594e-002
+3.670000000000e+000	-7.632452124853e-003
+3.680000000000e+000	-2.360678323869e-003
+3.690000000000e+000	+3.608290858675e-003
+3.700000000000e+000	+8.464194106345e-003
+3.710000000000e+000	+1.142421580538e-002
+3.720000000000e+000	+1.175446554324e-002
+3.730000000000e+000	+9.418250330330e-003
+3.740000000000e+000	+4.745819904507e-003
+3.750000000000e+000	-1.100834452301e-003
+3.760000000000e+000	-6.690627091820e-003
+3.770000000000e+000	-1.026222408602e-002
+3.780000000000e+000	-1.106950251912e-002
+3.790000000000e+000	-9.540565739309e-003
+3.800000000000e+000	-5.577561302756e-003
+3.810000000000e+000	-5.504172261504e-004
+3.820000000000e+000	+4.868134730244e-003
+3.830000000000e+000	+9.014611113779e-003
+3.840000000000e+000	+1.076371516316e-002
+3.850000000000e+000	+9.919741407470e-003
+3.860000000000e+000	+6.311450840416e-003
+3.870000000000e+000	+1.541168262383e-003
+3.880000000000e+000	-3.437049811023e-003
+3.890000000000e+000	-8.011628959500e-003
+3.900000000000e+000	-1.062916797998e-002
+3.910000000000e+000	-1.077594693735e-002
+3.920000000000e+000	-8.513120036639e-003
+3.930000000000e+000	-4.048624522947e-003
+3.940000000000e+000	+1.039677039433e-003
+3.950000000000e+000	+5.699876128492e-003
+3.960000000000e+000	+8.965685183485e-003
+3.970000000000e+000	+9.748500651439e-003
+3.980000000000e+000	+8.170637941335e-003
+3.990000000000e+000	+4.550115891708e-003
+4.000000000000e+000	-2.568613709884e-004
+4.010000000000e+000	-4.978218365028e-003
+4.020000000000e+000	-8.733286722964e-003
+4.030000000000e+000	-1.020106638153e-002
+4.040000000000e+000	-9.320398469741e-003
+4.050000000000e+000	-6.397071510053e-003
+4.060000000000e+000	-1.993733555039e-003
+4.070000000000e+000	+2.862169546820e-003
+4.080000000000e+000	+6.935257326535e-003
+4.090000000000e+000	+9.185852453053e-003
+4.100000000000e+000	+9.149157713711e-003
+4.110000000000e+000	+6.947488517487e-003
+4.120000000000e+000	+3.082336524766e-003
+4.130000000000e+000	-1.431084773410e-003
+4.140000000000e+000	-5.406320546726e-003
+4.150000000000e+000	-7.987165994352e-003
+4.160000000000e+000	-8.562045966934e-003
+4.170000000000e+000	-7.033109187124e-003
+4.180000000000e+000	-3.816226062426e-003
+4.190000000000e+000	+4.036393259089e-004
+4.200000000000e+000	+4.684662200018e-003
+4.210000000000e+000	+7.962703029205e-003
+4.220000000000e+000	+9.332630243936e-003
+4.230000000000e+000	+8.048323115599e-003
+4.240000000000e+000	+5.296236911942e-003
+4.250000000000e+000	+1.357695877968e-003
+4.260000000000e+000	-2.580845156005e-003
+4.270000000000e+000	-5.724339093640e-003
+4.280000000000e+000	-7.999397185304e-003
+4.290000000000e+000	-8.011628959500e-003
+4.300000000000e+000	-5.809959763277e-003
+4.310000000000e+000	-2.287289428428e-003
+4.320000000000e+000	+1.785798205477e-003
+4.330000000000e+000	+5.149459121058e-003
+4.340000000000e+000	+7.375591282429e-003
+4.350000000000e+000	+7.803693464127e-003
+4.360000000000e+000	+6.335913805564e-003
+4.370000000000e+000	+3.314734985287e-003
+4.380000000000e+000	-7.583526486180e-004
+4.390000000000e+000	-4.305485948614e-003
+4.400000000000e+000	-7.069803926467e-003
+4.410000000000e+000	-8.207332680677e-003
+4.420000000000e+000	-7.179886978008e-003
+4.430000000000e+000	-4.440032548545e-003
+4.440000000000e+000	-9.662880710856e-004
+4.450000000000e+000	+2.923327251309e-003
+4.460000000000e+000	+5.822191537472e-003
+4.470000000000e+000	+7.094266891614e-003
+4.480000000000e+000	+6.800710726604e-003
+4.490000000000e+000	+4.709125165165e-003
+4.500000000000e+000	+1.406621808263e-003
+4.510000000000e+000	-2.140511491733e-003
+4.520000000000e+000	-5.271773946794e-003
+4.530000000000e+000	-7.130961047713e-003
+4.540000000000e+000	-7.351128317281e-003
+4.550000000000e+000	-5.675413163345e-003
+4.560000000000e+000	-2.666465825642e-003
+4.570000000000e+000	+8.928991027385e-004
+4.580000000000e+000	+4.146476675157e-003
+4.590000000000e+000	+6.274756684317e-003
+4.600000000000e+000	+7.192118752203e-003
+4.610000000000e+000	+6.140210084386e-003
+4.620000000000e+000	+3.865152284342e-003
+4.630000000000e+000	+7.094266454182e-004
+4.640000000000e+000	-2.813243616525e-003
+4.650000000000e+000	-5.369625807383e-003
+4.660000000000e+000	-6.641701161525e-003
+4.670000000000e+000	-6.164673049533e-003
+4.680000000000e+000	-3.914078214637e-003
+4.690000000000e+000	-1.039677039433e-003
+4.700000000000e+000	+2.189437422028e-003
+4.710000000000e+000	+5.039375486274e-003
+4.720000000000e+000	+6.556081075132e-003
+4.730000000000e+000	+6.617238196378e-003
+4.740000000000e+000	+4.965986590832e-003
+4.750000000000e+000	+2.201668904602e-003
+4.760000000000e+000	-8.072786518179e-004
+4.770000000000e+000	-3.693911236690e-003
+4.780000000000e+000	-5.504172407315e-003
+4.790000000000e+000	-5.907811623865e-003
+4.800000000000e+000	-5.124996155911e-003
+4.810000000000e+000	-2.886632511967e-003
+4.820000000000e+000	-3.669448189525e-005
+4.830000000000e+000	+2.923327251309e-003
+4.840000000000e+000	+5.137227346863e-003
+4.850000000000e+000	+5.895580432913e-003
+4.860000000000e+000	+5.443014702825e-003
+4.870000000000e+000	+3.706142719264e-003
+4.880000000000e+000	+9.907510362329e-004
+4.890000000000e+000	-1.700177681651e-003
+4.900000000000e+000	-4.366643361482e-003
+4.910000000000e+000	-5.871117467766e-003
+4.920000000000e+000	-5.834422728424e-003
+4.930000000000e+000	-4.427800774350e-003
+4.940000000000e+000	-1.810261170624e-003
+4.950000000000e+000	+1.149760455501e-003
+4.960000000000e+000	+3.644985306396e-003
+4.970000000000e+000	+5.406320546726e-003
+4.980000000000e+000	+5.712107902688e-003
+4.990000000000e+000	+4.721356647739e-003
+5.000000000000e+000	+2.629771377921e-003
+5.010000000000e+000	-1.834724208677e-004
+5.020000000000e+000	-2.690928790789e-003
+5.030000000000e+000	-4.660199234871e-003
+5.040000000000e+000	-5.235079790695e-003
+5.050000000000e+000	-4.721356647739e-003
+5.060000000000e+000	-3.131262455061e-003
+5.070000000000e+000	-8.562045821123e-004
+5.080000000000e+000	+1.822492653198e-003
+5.090000000000e+000	+4.170939640304e-003
+5.100000000000e+000	+5.418551737678e-003
+5.110000000000e+000	+5.235079790695e-003
+5.120000000000e+000	+3.669448271543e-003
+5.130000000000e+000	+1.431084773410e-003
+5.140000000000e+000	-1.210917941274e-003
+5.150000000000e+000	-3.363660915581e-003
+5.160000000000e+000	-4.953755399880e-003
+5.170000000000e+000	-5.161690312010e-003
+5.180000000000e+000	-4.011930075226e-003
+5.190000000000e+000	-2.079354078865e-003
+5.200000000000e+000	+6.482691596447e-004
+5.210000000000e+000	+2.874401029393e-003
+5.220000000000e+000	+4.501189961414e-003
+5.230000000000e+000	+5.027144295322e-003
+5.240000000000e+000	+4.195402605452e-003
+5.250000000000e+000	+2.678697308216e-003
+5.260000000000e+000	+4.036393259089e-004
+5.270000000000e+000	-2.042659485334e-003
+5.280000000000e+000	-3.816226062426e-003
+5.290000000000e+000	-4.868134730244e-003
+5.300000000000e+000	-4.415569291777e-003
+5.310000000000e+000	-3.278040537566e-003
+5.320000000000e+000	-1.394390325689e-003
+5.330000000000e+000	+1.051908522006e-003
+5.340000000000e+000	+3.045642077046e-003
+5.350000000000e+000	+4.342180396335e-003
+5.360000000000e+000	+4.562347374282e-003
+5.370000000000e+000	+3.461512776170e-003
+5.380000000000e+000	+1.651251751357e-003
+5.390000000000e+000	-6.605007151237e-004
+5.400000000000e+000	-2.642002860495e-003
+5.410000000000e+000	-3.999698592652e-003
+5.420000000000e+000	-4.599041822002e-003
+5.430000000000e+000	-3.852920801769e-003
+5.440000000000e+000	-2.397372917401e-003
+5.450000000000e+000	-1.467779275810e-004
+5.460000000000e+000	+2.067122596292e-003
+5.470000000000e+000	+3.755068649558e-003
+5.480000000000e+000	+4.537884409134e-003
+5.490000000000e+000	+4.011930075226e-003
+5.500000000000e+000	+2.470761812843e-003
+5.510000000000e+000	+6.482691596447e-004
+5.520000000000e+000	-1.394390325689e-003
+5.530000000000e+000	-3.290272020139e-003
+5.540000000000e+000	-4.207634088025e-003
+5.550000000000e+000	-4.134245192584e-003
+5.560000000000e+000	-2.972253181604e-003
+5.570000000000e+000	-1.296538319289e-003
+5.580000000000e+000	+6.360376770711e-004
+5.590000000000e+000	+2.739854721084e-003
+5.600000000000e+000	+3.730605684411e-003
+5.610000000000e+000	+4.036393040373e-003
+5.620000000000e+000	+3.375892398155e-003
+5.630000000000e+000	+1.700177681651e-003
+5.640000000000e+000	-1.590094192678e-004
+5.650000000000e+000	-2.042659485334e-003
+5.660000000000e+000	-3.278040537566e-003
+5.670000000000e+000	-3.889615249490e-003
+5.680000000000e+000	-3.571596410954e-003
+5.690000000000e+000	-2.103817044013e-003
+5.700000000000e+000	-2.446298884148e-004
+5.710000000000e+000	+1.675714716504e-003
+5.720000000000e+000	+3.326966467860e-003
+5.730000000000e+000	+3.877383766916e-003
+5.740000000000e+000	+3.693911236690e-003
+5.750000000000e+000	+2.690928790789e-003
+5.760000000000e+000	+9.173620678858e-004
+5.770000000000e+000	-8.684360646859e-004
+5.780000000000e+000	-2.593076638579e-003
+5.790000000000e+000	-3.437049811023e-003
+5.800000000000e+000	-3.278040537566e-003
+5.810000000000e+000	-2.678697308216e-003
+5.820000000000e+000	-1.100834452301e-003
+5.830000000000e+000	+5.259542610032e-004
+5.840000000000e+000	+2.177205939454e-003
+5.850000000000e+000	+3.571596410954e-003
+5.860000000000e+000	+3.730605684411e-003
+5.870000000000e+000	+3.229114607271e-003
+5.880000000000e+000	+1.969270589892e-003
+5.890000000000e+000	+6.115747210370e-005
+5.900000000000e+000	-1.553399744957e-003
+5.910000000000e+000	-2.666465825642e-003
+5.920000000000e+000	-3.302503502713e-003
+5.930000000000e+000	-2.947790216457e-003
+5.940000000000e+000	-2.054890967907e-003
+5.950000000000e+000	-4.525652926561e-004
+5.960000000000e+000	+1.247612388995e-003
+5.970000000000e+000	+2.727623238510e-003
+5.980000000000e+000	+3.571596410954e-003
+5.990000000000e+000	+3.302503502713e-003
+6.000000000000e+000	+2.458530330269e-003
+6.010000000000e+000	+9.295935504594e-004
+6.020000000000e+000	-6.727321976973e-004
+6.030000000000e+000	-2.079354078865e-003
+6.040000000000e+000	-2.996716146751e-003
+6.050000000000e+000	-3.229114607271e-003
+6.060000000000e+000	-2.434067365122e-003
+6.070000000000e+000	-1.137528972927e-003
+6.080000000000e+000	+4.036393259089e-004
+6.090000000000e+000	+1.846955618345e-003
+6.100000000000e+000	+2.972253181604e-003
+6.110000000000e+000	+3.571596410954e-003
+6.120000000000e+000	+3.229114607271e-003
+6.130000000000e+000	+1.883650066066e-003
+6.140000000000e+000	+1.223149442074e-004
+6.150000000000e+000	-1.259843871569e-003
+6.160000000000e+000	-2.299520911001e-003
+6.170000000000e+000	-2.801012133952e-003
+6.180000000000e+000	-2.862169546820e-003
+6.190000000000e+000	-2.275057945854e-003
+6.200000000000e+000	-8.806676201649e-004
+6.210000000000e+000	+9.785195536592e-004
+6.220000000000e+000	+2.495224777990e-003
+6.230000000000e+000	+3.326966467860e-003
+6.240000000000e+000	+3.143493937635e-003
+6.250000000000e+000	+2.409604399975e-003
+6.260000000000e+000	+1.174223420648e-003
+6.270000000000e+000	-1.712409200677e-004
+6.280000000000e+000	-1.577862710104e-003
+6.290000000000e+000	-2.458530330269e-003
+6.300000000000e+000	-2.727623238510e-003
+6.310000000000e+000	-2.152742974307e-003
+6.320000000000e+000	-1.113066007780e-003
+6.330000000000e+000	+1.712409200677e-004
+6.340000000000e+000	+1.406621808263e-003
+6.350000000000e+000	+2.311752393575e-003
+6.360000000000e+000	+2.911095768736e-003
+6.370000000000e+000	+2.837706581673e-003
+6.380000000000e+000	+1.871418583492e-003
+6.390000000000e+000	+6.115747119238e-004
+6.400000000000e+000	-8.928991027385e-004
+6.410000000000e+000	-2.079354078865e-003
+6.420000000000e+000	-2.642002860495e-003
+6.430000000000e+000	-2.801012133952e-003
+6.440000000000e+000	-2.323983876148e-003
+6.450000000000e+000	-1.113066007780e-003
+6.460000000000e+000	+3.057873559619e-004
+6.470000000000e+000	+1.675714716504e-003
+6.480000000000e+000	+2.250594980707e-003
+6.490000000000e+000	+2.372909952254e-003
+6.500000000000e+000	+2.018196520187e-003
+6.510000000000e+000	+7.461211660444e-004
+6.520000000000e+000	-3.669448417354e-004
+6.530000000000e+000	-1.626788786209e-003
+6.540000000000e+000	-2.580845156005e-003
+6.550000000000e+000	-2.813243616525e-003
+6.560000000000e+000	-2.556382190858e-003
+6.570000000000e+000	-1.639020268783e-003
+6.580000000000e+000	-5.993432293502e-004
+6.590000000000e+000	+5.504172261504e-004
+6.600000000000e+000	+1.577862710104e-003
+6.610000000000e+000	+1.981502072466e-003
+6.620000000000e+000	+2.018196520187e-003
+6.630000000000e+000	+1.333232912821e-003
+6.640000000000e+000	+1.590094192678e-004
+6.650000000000e+000	-9.540565156066e-004
+6.660000000000e+000	-1.932576142171e-003
+6.670000000000e+000	-2.470761812843e-003
+6.680000000000e+000	-2.397372917401e-003
+6.690000000000e+000	-2.042659485334e-003
+6.700000000000e+000	-1.027445483954e-003
+6.710000000000e+000	+2.935558551620e-004
+6.720000000000e+000	+1.431084773410e-003
+6.730000000000e+000	+2.275057945854e-003
+6.740000000000e+000	+2.311752393575e-003
+6.750000000000e+000	+1.981502072466e-003
+6.760000000000e+000	+1.223149423848e-003
+6.770000000000e+000	-3.669448189525e-005
+6.780000000000e+000	-8.562045821123e-004
+6.790000000000e+000	-1.675714716504e-003
+6.800000000000e+000	-2.128280009160e-003
+6.810000000000e+000	-1.871418583492e-003
+6.820000000000e+000	-1.235380906421e-003
+6.830000000000e+000	-1.712409200677e-004
+6.840000000000e+000	+8.928991027385e-004
+6.850000000000e+000	+1.614557303636e-003
+6.860000000000e+000	+2.213900387175e-003
+6.870000000000e+000	+2.079354078865e-003
+6.880000000000e+000	+1.724640646798e-003
+6.890000000000e+000	+6.849636802709e-004
+6.900000000000e+000	-5.014912594032e-004
+6.910000000000e+000	-1.443316255984e-003
+6.920000000000e+000	-2.054890967907e-003
+6.930000000000e+000	-2.177205939454e-003
+6.940000000000e+000	-1.749103611945e-003
+6.950000000000e+000	-9.907510362329e-004
+6.960000000000e+000	+1.957039034413e-004
+6.970000000000e+000	+1.027445483954e-003
+6.980000000000e+000	+1.700177681651e-003
+6.990000000000e+000	+2.018196520187e-003
+7.000000000000e+000	+1.382158843115e-003
+7.010000000000e+000	+6.849636802709e-004
+7.020000000000e+000	-1.223149396508e-005
+7.030000000000e+000	-1.272075354142e-003
+7.040000000000e+000	-1.761335240330e-003
+7.050000000000e+000	-2.054890967907e-003
+7.060000000000e+000	-1.834724135772e-003
+7.070000000000e+000	-1.357695877968e-003
+7.080000000000e+000	-6.849636802709e-004
+7.090000000000e+000	+2.935558551620e-004
+7.100000000000e+000	+1.161991938074e-003
+7.110000000000e+000	+1.504473814662e-003
+7.120000000000e+000	+1.626788786209e-003
+7.130000000000e+000	+1.210917941274e-003
+7.140000000000e+000	+5.748802277503e-004
+7.150000000000e+000	-3.302503575618e-004
+7.160000000000e+000	-1.308769947674e-003
+7.170000000000e+000	-1.614557303636e-003
+7.180000000000e+000	-1.712409164225e-003
+7.190000000000e+000	-1.272075354142e-003
+7.200000000000e+000	-7.338896834708e-004
+7.210000000000e+000	-3.669448189525e-005
+7.220000000000e+000	+8.806676201649e-004
+7.230000000000e+000	+1.455547884368e-003
+7.240000000000e+000	+1.822492653198e-003
+7.250000000000e+000	+1.773566722903e-003
+7.260000000000e+000	+1.284306836716e-003
+7.270000000000e+000	+5.259542610032e-004
+7.280000000000e+000	-4.647967752297e-004
+7.290000000000e+000	-1.125297490353e-003
+7.300000000000e+000	-1.259843871569e-003
+7.310000000000e+000	-1.296538319289e-003
+7.320000000000e+000	-1.113066007780e-003
+7.330000000000e+000	-5.626487451767e-004
+7.340000000000e+000	+4.158708084825e-004
+7.350000000000e+000	+1.418853290836e-003
+7.360000000000e+000	+1.822492653198e-003
+7.370000000000e+000	+1.871418583492e-003
+7.380000000000e+000	+1.602325675251e-003
+7.390000000000e+000	+9.173620678858e-004
+7.400000000000e+000	+9.785195172065e-005
+7.410000000000e+000	-6.849636802709e-004
+7.420000000000e+000	-1.284306836716e-003
+7.430000000000e+000	-1.480010849515e-003
+7.440000000000e+000	-1.455547884368e-003
+7.450000000000e+000	-9.173620678858e-004
+7.460000000000e+000	+0.000000000000e+000
+7.470000000000e+000	+5.993432293502e-004
+7.480000000000e+000	+1.272075354142e-003
+7.490000000000e+000	+1.406621808263e-003
+7.500000000000e+000	+1.247612388995e-003
+7.510000000000e+000	+8.684360646859e-004
+7.520000000000e+000	+1.345464358942e-004
+7.530000000000e+000	-5.381857435768e-004
+7.540000000000e+000	-1.284306836716e-003
+7.550000000000e+000	-1.736872129372e-003
+7.560000000000e+000	-1.626788786209e-003
+7.570000000000e+000	-1.284306836716e-003
+7.580000000000e+000	-7.338896834708e-004
+7.590000000000e+000	+4.892597586033e-005
+7.600000000000e+000	+7.216581279918e-004
+7.610000000000e+000	+1.100834452301e-003
+7.620000000000e+000	+1.149760455501e-003
+7.630000000000e+000	+7.705841311916e-004
+7.640000000000e+000	+3.057873559619e-004
+7.650000000000e+000	-2.813243725883e-004
+7.660000000000e+000	-8.072786518179e-004
+7.670000000000e+000	-1.467779366942e-003
+7.680000000000e+000	-1.724640646798e-003
+7.690000000000e+000	-1.455547884368e-003
+7.700000000000e+000	-1.088602969727e-003
+7.710000000000e+000	-3.302503575618e-004
+7.720000000000e+000	+6.238061944975e-004
+7.730000000000e+000	+1.137528972927e-003
+7.740000000000e+000	+1.577862710104e-003
+7.750000000000e+000	+1.528936779810e-003
+7.760000000000e+000	+1.039677039433e-003
+7.770000000000e+000	+5.626487451767e-004
+7.780000000000e+000	-8.562046003387e-005
+7.790000000000e+000	-5.993432293502e-004
+7.800000000000e+000	-9.662880710856e-004
+7.810000000000e+000	-1.088602969727e-003
+7.820000000000e+000	-7.828156137652e-004
+7.830000000000e+000	-3.180188385355e-004
+7.840000000000e+000	+3.302503575618e-004
+7.850000000000e+000	+1.076371487154e-003
+7.860000000000e+000	+1.541168262383e-003
+7.870000000000e+000	+1.712409164225e-003
+7.880000000000e+000	+1.382158843115e-003
+7.890000000000e+000	+1.051908522006e-003
+7.900000000000e+000	+3.669448417354e-004
+7.910000000000e+000	-2.323983876148e-004
+7.920000000000e+000	-7.094266454182e-004
+7.930000000000e+000	-1.113066007780e-003
+7.940000000000e+000	-1.100834452301e-003
+7.950000000000e+000	-7.950470963388e-004
+7.960000000000e+000	-3.791763243090e-004
+7.970000000000e+000	+2.201669050412e-004
+7.980000000000e+000	+8.072786518179e-004
+7.990000000000e+000	+1.015214001380e-003
+8.000000000000e+000	+1.149760455501e-003
+8.010000000000e+000	+7.338896834708e-004
+8.020000000000e+000	+1.467779275810e-004
+8.030000000000e+000	-4.525652926561e-004
+8.040000000000e+000	-1.051908522006e-003
+8.050000000000e+000	-1.333232912821e-003
+8.060000000000e+000	-1.455547884368e-003
+8.070000000000e+000	-1.345464395395e-003
+8.080000000000e+000	-7.950470963388e-004
+8.090000000000e+000	-2.201669050412e-004
+8.100000000000e+000	+5.504172261504e-004
+8.110000000000e+000	+8.684360646859e-004
+8.120000000000e+000	+7.828156137652e-004
+8.130000000000e+000	+7.216581279918e-004
+8.140000000000e+000	+3.180188385355e-004
+8.150000000000e+000	-1.712409200677e-004
+8.160000000000e+000	-6.849636802709e-004
+8.170000000000e+000	-1.247612388995e-003
+8.180000000000e+000	-1.223149423848e-003
+8.190000000000e+000	-1.247612388995e-003
+8.200000000000e+000	-9.785195536592e-004
+8.210000000000e+000	-3.057873559619e-004
+8.220000000000e+000	-8.562046003387e-005
+8.230000000000e+000	+4.892597768296e-004
+8.240000000000e+000	+7.828156137652e-004
+8.250000000000e+000	+8.072786518179e-004
+8.260000000000e+000	+7.828156137652e-004
+8.270000000000e+000	+4.770282578033e-004
+8.280000000000e+000	-4.892597586033e-005
+8.290000000000e+000	-4.647967752297e-004
+8.300000000000e+000	-8.684360646859e-004
+8.310000000000e+000	-9.907510362329e-004
+8.320000000000e+000	-6.727321976973e-004
+8.330000000000e+000	-3.669448417354e-004
+8.340000000000e+000	+0.000000000000e+000
+8.350000000000e+000	+3.669448417354e-004
+8.360000000000e+000	+9.907510362329e-004
+8.370000000000e+000	+1.198686458700e-003
+8.380000000000e+000	+9.418250330330e-004
+8.390000000000e+000	+6.727321976973e-004
+8.400000000000e+000	+2.323983876148e-004
+8.410000000000e+000	-3.302503575618e-004
+8.420000000000e+000	-8.806676201649e-004
+8.430000000000e+000	-1.174223420648e-003
+8.440000000000e+000	-9.173620678858e-004
+8.450000000000e+000	-7.950470963388e-004
+8.460000000000e+000	-3.669448417354e-004
+8.470000000000e+000	-1.100834525206e-004
+8.480000000000e+000	+2.446298884148e-004
+8.490000000000e+000	+6.238061944975e-004
+8.500000000000e+000	+5.993432293502e-004
+8.510000000000e+000	+4.892597768296e-004
+8.520000000000e+000	+1.345464358942e-004
+8.530000000000e+000	-4.281022910562e-004
+8.540000000000e+000	-7.828156137652e-004
+8.550000000000e+000	-1.296538319289e-003
+8.560000000000e+000	-1.614557303636e-003
+8.570000000000e+000	-1.369927360542e-003
+8.580000000000e+000	-9.907510362329e-004
+8.590000000000e+000	-5.504172261504e-004
+8.600000000000e+000	-1.223149396508e-005
+8.610000000000e+000	+2.813243725883e-004
+8.620000000000e+000	+4.892597768296e-004
+8.630000000000e+000	+4.158708084825e-004
+8.640000000000e+000	+1.590094192678e-004
+8.650000000000e+000	-1.590094192678e-004
+8.660000000000e+000	-6.971951628445e-004
+8.670000000000e+000	-8.928991027385e-004
+8.680000000000e+000	-1.125297490353e-003
+8.690000000000e+000	-1.186454976127e-003
+8.700000000000e+000	-8.317416169651e-004
+8.710000000000e+000	-5.137227419768e-004
+8.720000000000e+000	+4.892597586033e-005
+8.730000000000e+000	+5.014912594032e-004
+8.740000000000e+000	+7.950470963388e-004
+8.750000000000e+000	+8.072786518179e-004
+8.760000000000e+000	+7.338896834708e-004
+8.770000000000e+000	+3.791763243090e-004
+8.780000000000e+000	+0.000000000000e+000
+8.790000000000e+000	-2.568613709884e-004
+8.800000000000e+000	-5.381857435768e-004
+8.810000000000e+000	-6.849636802709e-004
+8.820000000000e+000	-5.014912594032e-004
+8.830000000000e+000	-1.957039034413e-004
+8.840000000000e+000	+1.223149442074e-004
+8.850000000000e+000	+5.259542610032e-004
+8.860000000000e+000	+7.950470963388e-004
+8.870000000000e+000	+7.828156137652e-004
+8.880000000000e+000	+8.806676201649e-004
+8.890000000000e+000	+6.849636802709e-004
+8.900000000000e+000	+4.403338100825e-004
+8.910000000000e+000	+3.669448189525e-005
+8.920000000000e+000	-4.647967752297e-004
+8.930000000000e+000	-6.971951628445e-004
+8.940000000000e+000	-7.216581279918e-004
+8.950000000000e+000	-4.770282578033e-004
+8.960000000000e+000	-2.690928717884e-004
+8.970000000000e+000	-3.669448189525e-005
+8.980000000000e+000	+3.547133227091e-004
+8.990000000000e+000	+5.504172261504e-004
+9.000000000000e+000	+7.338896834708e-004
+9.010000000000e+000	+6.849636802709e-004
+9.020000000000e+000	+4.647967752297e-004
+9.030000000000e+000	+2.446298793016e-005
+9.040000000000e+000	-6.115747210370e-005
+9.050000000000e+000	-4.036393259089e-004
+9.060000000000e+000	-6.360376770711e-004
+9.070000000000e+000	-6.971951628445e-004
+9.080000000000e+000	-4.403338100825e-004
+9.090000000000e+000	-9.785195172065e-005
+9.100000000000e+000	+6.115747210370e-005
+9.110000000000e+000	+2.201669050412e-004
+9.120000000000e+000	+4.647967752297e-004
+9.130000000000e+000	+4.892597768296e-004
+9.140000000000e+000	+3.791763243090e-004
+9.150000000000e+000	+1.223149442074e-004
+9.160000000000e+000	-3.057873559619e-004
+9.170000000000e+000	-5.381857435768e-004
+9.180000000000e+000	-6.115747119238e-004
+9.190000000000e+000	-6.727321976973e-004
+9.200000000000e+000	-6.482691596447e-004
+9.210000000000e+000	-2.323983876148e-004
+9.220000000000e+000	+3.669448189525e-005
+9.230000000000e+000	+1.467779275810e-004
+9.240000000000e+000	+5.137227419768e-004
+9.250000000000e+000	+6.482691596447e-004
+9.260000000000e+000	+5.871117103239e-004
+9.270000000000e+000	+4.525652926561e-004
+9.280000000000e+000	+1.223149442074e-004
+9.290000000000e+000	-9.785195172065e-005
+9.300000000000e+000	-1.957039034413e-004
+9.310000000000e+000	-3.424818401355e-004
+9.320000000000e+000	-2.323983876148e-004
+9.330000000000e+000	-3.669448189525e-005
+9.340000000000e+000	+2.446298793016e-005
+9.350000000000e+000	+3.180188385355e-004
+9.360000000000e+000	+3.669448417354e-004
+9.370000000000e+000	+5.748802277503e-004
+9.380000000000e+000	+5.137227419768e-004
+9.390000000000e+000	+5.259542610032e-004
+9.400000000000e+000	+3.302503575618e-004
+9.410000000000e+000	+1.223149396508e-005
+9.420000000000e+000	-3.914078068826e-004
+9.430000000000e+000	-4.158708084825e-004
+9.440000000000e+000	-5.871117103239e-004
+9.450000000000e+000	-4.281022910562e-004
+9.460000000000e+000	-1.590094192678e-004
+9.470000000000e+000	-1.834724208677e-004
+9.480000000000e+000	-1.223149396508e-005
+9.490000000000e+000	+1.223149396508e-005
+9.500000000000e+000	+2.079354042413e-004
+9.510000000000e+000	+2.568613709884e-004
+9.520000000000e+000	+1.834724208677e-004
+9.530000000000e+000	+2.446298793016e-005
+9.540000000000e+000	-2.201669050412e-004
+9.550000000000e+000	-3.424818401355e-004
+9.560000000000e+000	-4.770282578033e-004
+9.570000000000e+000	-5.504172261504e-004
+9.580000000000e+000	-5.626487451767e-004
+9.590000000000e+000	-4.647967752297e-004
+9.600000000000e+000	-2.568613709884e-004
+9.610000000000e+000	+4.892597586033e-005
+9.620000000000e+000	+1.100834525206e-004
+9.630000000000e+000	+2.079354042413e-004
+9.640000000000e+000	+1.834724208677e-004
+9.650000000000e+000	+7.338896379049e-005
+9.660000000000e+000	-1.834724208677e-004
+9.670000000000e+000	-4.281022910562e-004
+9.680000000000e+000	-5.381857435768e-004
+9.690000000000e+000	-5.137227419768e-004
+9.700000000000e+000	-5.871117103239e-004
+9.710000000000e+000	-4.647967752297e-004
+9.720000000000e+000	-2.568613709884e-004
+9.730000000000e+000	+1.345464358942e-004
+9.740000000000e+000	+4.647967752297e-004
+9.750000000000e+000	+5.748802277503e-004
+9.760000000000e+000	+5.381857435768e-004
+9.770000000000e+000	+5.014912594032e-004
+9.780000000000e+000	+2.079354042413e-004
+9.790000000000e+000	-3.669448189525e-005
+9.800000000000e+000	-3.302503575618e-004
+9.810000000000e+000	-3.180188385355e-004
+9.820000000000e+000	-3.057873559619e-004
+9.830000000000e+000	-2.568613709884e-004
+9.840000000000e+000	+0.000000000000e+000
+9.850000000000e+000	+2.568613709884e-004
+9.860000000000e+000	+3.791763243090e-004
+9.870000000000e+000	+5.259542610032e-004
+9.880000000000e+000	+4.770282578033e-004
+9.890000000000e+000	+4.525652926561e-004
+9.900000000000e+000	+3.180188385355e-004
+9.910000000000e+000	+3.669448189525e-005
+9.920000000000e+000	-1.223149442074e-004
+9.930000000000e+000	-4.158708084825e-004
+9.940000000000e+000	-5.259542610032e-004
+9.950000000000e+000	-3.791763243090e-004
+9.960000000000e+000	-2.813243725883e-004
+9.970000000000e+000	-3.669448189525e-005
+9.980000000000e+000	+1.223149442074e-004
+9.990000000000e+000	+1.590094192678e-004
+1.000000000000e+001	+1.223149442074e-004